Baby Seam Energies:
156.4096400846171
158.740033115554
160.0057726363515
161.5665284205122
161.75020989108268
162.49617916928216
163.14144325786137
166.69365139831282
167.35039046365628
166.42107136952376
168.83962037297334
170.01486882015973
170.08683290376732
171.69461225459696
172.89674806509933
173.53617052231596
174.41660696453187
175.0855555630723
175.11514166386593
174.855544441811
176.68303122915518
177.4184791957236
177.64474807203578
177.85972528088186
178.13444554705643
178.85764792226198
179.35324231840505
180.44054466797613
180.96122242551675
181.5409877181413
181.04799135203626
181.9548259445122
182.49081574585944
184.1227182143479
185.42966124321373
185.64786546201668
187.80503573202614
187.50909342061158
189.3356903348228
190.30238630251813
189.73159022002764
191.90513777232985
194.3106951766078
194.00883666877948
195.51611657329877
195.76575374447552
197.3296967847209
196.946946150136
197.33203108714196
199.64823270475685
200.46140471295112
201.1734761384854
202.96903192312303
203.4557862286129
204.02228162165653
204.6888736794162
204.58586339457057
203.28051103569058
204.69152949277102
205.954982447602
207.3351699031554
207.3727204556502
209.66879021719
210.66844184057808
210.7819940143828
211.36480191350418
212.39322268016693
211.71641068126752
212.51526589765913
213.92279039854614
213.94624530304526
215.6917290420569
215.85488752362804
216.98719354892353
217.16101558910356
217.79482540743166
218.3369429943501
218.54040601898183
217.3901055864911
219.02909498041288
219.05342746926246
219.25858716659275
220.20120643010597
221.09812546128202
221.22755956827822
221.99314550804206
222.3525428209046
222.49466286608597
223.14455247096598
223.05842219357234
223.46700117040265
224.27420781828675
224.80904609183153
225.29716185742475
225.9925121162941
226.09798364730526
225.76224210127398
226.45682982057434
227.06939449929516
227.79389730104592
228.08407377377782
228.13865499180642
227.10393720010651
229.02828493872522
229.1045596894869
229.27385602656895
229.72421656522238
230.25909629169627
230.59765322829185
231.19145665603278
231.40204402000646
232.32997624306384
232.4449450469439
233.23994264134055
233.5247488681293
232.68688891120976
234.00484785428847
234.30802221567228
234.46505066276245
234.9830443433274
233.41476440385253
233.95134873322863
234.9325738476863
235.07161859554978
235.42114330996986
235.80791241820577
237.0421456487497
237.35254761016017
237.4342112796141
237.63165101426407
238.29915228353786
238.74679689016224
238.46931801452445
238.8508709915367
238.18361075422527
238.86414662705246
239.30582411449168
240.41185569794914
240.7776253402435
240.99790670579463
241.46561488087826
241.55790381449063
242.7002135317355
242.8049356628729
243.1454095154372
244.27748794406412
244.4211244199503
244.7990044162384
244.4601464678575
244.5399397004655
245.59590383425964
245.59605784445822
246.30562432684727
246.43313553343813
246.4491000988346
247.2064090961691
247.60901909649243
248.01043830398484
248.8503480669315
249.12958468153892
249.23276660726958
249.36124159065557
250.63508497648814
250.90876002617776
250.7944710309402
251.11033514958902
251.55835576225286
251.70443628881114
253.38865642294215
253.66229796026872
253.68415687607734
254.38451147977142
255.1529418765303
255.5343466381447
255.88386701827628
256.37024918805196
256.4362811920272
256.98054645177507
257.6619088154705
257.289940803592
257.85501854116495
257.9438104634407
258.8565471821247
256.5734108751413
258.36899658320726
259.21988912044753
259.29388875929016
259.30050124247254
259.65258065643866
259.82071779549057
260.21466351500106
260.3519598592259
260.2195302867035
260.9432399328096
261.06567400531105
262.136921934064
263.14009005169913
262.9662562222781
263.3889619504113
263.36771409514245
