Lena L2 Norms:
34.651756
32.632214
31.633295
30.8918
30.41819
30.13395
29.950926
29.823317
29.72928
29.657583
29.59186
29.531155
29.472507
29.414875
29.361786
29.317047
29.278666
29.24525
29.215038
29.187729
29.164263
29.143581
29.123661
29.106623
29.090952
29.076656
29.063494
29.052896
29.044205
29.037258
29.031677
29.02655
29.022202
29.01902
29.016754
29.015097
29.013762
29.012703
29.011972
29.011328
29.010845
29.01051
29.010183
29.009928
29.00973
29.009558
29.009436
29.0093
29.009184
29.00908
29.00898
29.008888
29.00879
29.008707
29.008614
29.008545
29.008472
29.00841
29.00834
29.008282
29.008234
29.008202
29.008144
29.008102
29.008064
29.008028
29.008
29.007975
29.007957
29.007944
29.007935
29.007921
29.007902
29.007889
29.007877
29.007866
29.007856
29.007853
29.007854
29.007856
29.007856
29.007858
29.00786
29.00786
29.00786
29.007866
29.007862
29.007862
29.007866
29.007866
29.007866
29.007868
29.007868
29.007868
29.007872
29.007868
29.007868
